xyz = [ 3; -4.1; 0.6 ];
f1 = [ 6 2.5 100 ];
f2 = [ 5 2.5 110 ];
f3 = [ 4 2.5 120 ];
fxyz = (f1 * xyz)+(f2 * xyz)+(f3 * xyz);