xyz = [ 3; -4.1; 0.6 ];
f1 = [ 6 2.5 100 ] * xyz;
f2 = [ 5 2.5 110 ] * xyz;
f3 = [ 4 2.5 120 ] * xyz;
fxyz = f1 + f2 + f3;
